nDrivers = 120;
nBuses = 120;
nServices = 300;

start = [1279 1269 158 152 380 299 616 691 475 977 43 170 724 1314 438 1376 1140 328 604 1385 594 669 1438 208 1139 1078 1242 1413 306 938 236 352 168 672 334 640 1336 493 239 353 930 870 84 1108 130 743 77 79 1032 544 764 703 1422 1139 138 1134 1264 1062 94 304 59 817 545 156 347 1271 83 87 1125 799 337 755 594 602 570 1372 843 1148 604 329 1362 325 1021 1297 1269 477 1034 368 1381 856 761 698 378 1411 173 148 71 229 168 1080 348 40 850 223 1010 487 374 188 759 625 954 779 168 1359 545 646 1251 506 1412 255 163 538 1010 719 1267 872 370 324 1408 392 1342 510 226 709 124 799 1033 231 882 930 1254 1164 163 983 458 304 419 1236 527 319 1351 17 1213 969 177 372 1334 932 541 398 663 870 679 591 976 199 850 758 1096 1342 1104 709 195 933 976 58 809 885 1077 508 681 554 845 497 1241 850 178 724 19 770 536 299 850 12 300 814 290 696 171 1106 390 804 799 1004 995 638 76 739 621 94 482 346 925 1134 1406 1057 937 1313 34 154 890 126 555 1422 488 1308 928 1068 235 1351 901 194 704 1352 1197 1216 948 829 257 1438 1352 300 505 274 1203 1429 1415 527 232 152 509 1342 893 887 758 1279 893 1364 1195 935 525 740 1060 96 221 1308 1012 963 1340 741 496 1021 1244 311 484 283 174 1370 46 929 679 466 347 164 629 312 393 1375 1440 849 348 40 216 41 204 869 1357 675 427 624];
duration = [189 89 76 47 45 65 162 35 134 39 133 165 142 195 114 105 99 199 86 189 36 135 164 198 151 34 45 150 93 45 66 159 147 120 163 137 166 65 165 30 52 124 188 48 77 53 69 195 118 67 107 114 58 121 121 140 99 99 96 58 166 130 125 181 66 71 82 135 156 141 59 107 107 100 196 89 91 99 83 67 51 71 146 157 104 180 36 176 148 198 92 123 50 31 40 51 128 132 183 88 155 156 37 70 179 45 156 181 110 135 49 89 109 90 190 38 149 30 49 188 45 79 98 116 142 79 121 79 160 62 78 181 116 75 67 153 30 81 138 112 99 113 142 178 195 182 120 151 87 32 39 91 56 115 49 56 130 68 131 55 45 123 119 152 43 114 140 122 94 56 112 73 84 86 187 185 73 150 198 140 37 87 60 197 76 170 48 123 174 164 122 154 182 73 162 64 182 58 75 126 114 51 105 191 180 77 110 76 50 158 195 103 186 53 74 57 113 133 47 122 157 66 117 139 56 91 84 99 91 142 196 51 105 190 70 49 71 34 47 163 52 133 32 43 73 78 102 73 154 191 77 90 40 84 158 81 147 45 108 178 162 104 116 98 170 152 139 187 100 166 40 192 151 87 65 119 135 116 195 199 165 93 189 126 49 112 42 56 131 68 94 105 140 169 92 179 166 91 171 44];
kms = [211 149 111 83 51 78 261 37 251 52 264 282 273 355 115 157 147 266 155 243 57 216 183 303 249 67 59 280 137 50 127 247 251 192 203 163 242 112 226 54 90 197 261 86 134 100 103 347 214 83 189 198 82 206 146 257 177 153 132 62 182 222 169 358 119 126 119 241 209 262 114 117 126 162 278 157 95 160 122 90 71 100 255 216 131 330 42 341 266 223 93 138 72 53 61 86 158 185 351 140 293 185 49 86 331 75 186 237 133 202 70 137 134 176 324 45 189 56 81 244 79 151 105 186 234 92 221 158 233 97 152 312 211 120 73 305 42 90 225 151 177 188 206 242 353 296 175 279 150 61 69 171 56 130 80 67 174 81 247 83 89 241 170 293 45 199 270 123 164 83 153 142 143 166 316 313 100 234 358 254 40 158 70 255 83 266 48 124 328 185 191 158 226 93 192 102 212 109 111 231 122 64 134 379 315 97 180 150 77 179 364 185 319 98 109 89 193 167 64 177 245 90 133 264 88 178 116 168 137 209 256 84 127 376 88 68 130 57 88 198 80 203 36 75 119 94 140 96 190 251 137 169 60 116 188 94 247 90 139 290 174 186 191 107 303 281 275 214 168 293 63 381 204 87 99 189 171 225 366 334 306 171 290 164 81 198 66 90 196 86 128 184 253 307 122 225 218 132 323 87];
passengers = [52 30 36 45 15 15 60 15 44 26 24 21 15 11 17 59 30 36 53 21 34 59 11 34 22 29 31 39 57 14 43 56 50 43 10 32 11 48 59 45 24 51 50 23 23 45 32 15 28 12 33 18 36 20 20 39 15 56 26 40 14 54 20 28 38 54 41 24 29 16 12 13 21 21 54 10 18 54 57 28 31 50 14 46 59 15 57 43 34 30 26 30 56 56 47 54 25 10 15 43 14 12 10 49 27 33 48 38 58 12 12 21 17 53 44 28 34 32 56 30 14 47 24 58 52 60 47 36 44 30 33 31 15 24 47 49 10 60 24 59 58 56 44 28 45 22 27 47 56 51 52 57 49 32 10 28 25 23 59 22 40 16 15 43 11 24 21 23 29 25 43 42 27 57 49 21 50 24 39 54 53 17 19 54 42 16 42 59 20 27 57 29 34 25 17 29 24 60 53 48 28 49 21 47 58 48 38 49 51 29 18 11 34 21 23 39 42 11 50 24 38 53 43 36 49 33 50 26 40 40 43 35 22 26 48 21 20 22 29 14 56 35 12 50 47 19 54 55 36 41 18 24 26 27 25 46 20 52 39 59 43 23 27 21 23 48 13 12 27 47 41 24 17 37 12 26 23 31 32 41 14 13 44 32 13 11 54 26 54 58 15 43 52 24 41 36 11 41 32 58];

capacity = [51 49 56 46 45 36 54 33 38 52 59 42 35 56 46 53 39 50 31 53 28 50 20 34 22 29 28 43 30 39 30 38 31 58 49 55 36 28 28 47 29 33 21 21 53 57 22 52 47 34 46 21 21 24 55 34 40 47 38 27 32 47 50 52 30 23 35 39 37 24 28 39 21 45 34 48 30 60 26 31 24 48 33 22 26 40 22 47 49 27 60 24 52 42 22 24 45 45 21 42 30 33 42 36 20 53 41 35 37 59 29 52 41 32 38 25 28 36 58 31];
cost_km = [0.0703888177764 0.151940911038 0.185307701563 0.181564225136 0.0953277800435 0.0321434788085 0.0248856540236 0.0191920937627 0.0109883201695 0.0589458537903 0.0288417548458 0.149683426097 0.0321301534672 0.0362302892509 0.0933089701958 0.041846627409 0.0137110180236 0.0589154585856 0.194728377511 0.118768527704 0.0864845173728 0.0162618306997 0.0976785453905 0.0432482178395 0.0508947931865 0.0572555921715 0.139960833623 0.112045213061 0.1826064775 0.0710424205975 0.149508836557 0.0343316373919 0.0630217404823 0.184065197546 0.112252406494 0.11315479947 0.0267493601893 0.047054515016 0.102584128453 0.188102313379 0.189116393075 0.0524298808064 0.163838846674 0.171552693003 0.0238037553319 0.11309359455 0.0440439961853 0.0728110610215 0.184494135539 0.144978154158 0.0399863334026 0.153017420453 0.112120922682 0.196764564377 0.168655430474 0.0124247559854 0.0710795951157 0.140461620198 0.143594243953 0.175800929445 0.0640218778613 0.0799123772406 0.156589570122 0.114878746739 0.0267313608488 0.155956564561 0.0754132415455 0.0671513998427 0.0644203289897 0.125572911649 0.188846412198 0.135172147545 0.0265378965733 0.158062974989 0.139032923791 0.188305115489 0.103056197884 0.114284272009 0.190114532876 0.114407643126 0.12505286561 0.0720371025158 0.126522949433 0.126717684223 0.0799415258073 0.0698990537198 0.142031513128 0.145624747771 0.167525326194 0.148049825091 0.0927908265969 0.138855485163 0.177392954733 0.146125691613 0.0644503593286 0.169341526478 0.168581759576 0.0194738241781 0.0482018632454 0.0142920515827 0.183112311765 0.193040298315 0.184208465733 0.0342590715828 0.197343048492 0.171569348916 0.065945235273 0.142309345451 0.0532174801586 0.0918215307457 0.0208044755371 0.11387922787 0.109732096423 0.130125756962 0.168659362857 0.0877978617235 0.0417797719789 0.0778748364914 0.0289903589035 0.186600596924];
cost_min = [0.0652997933464 0.0275490012904 0.15832927438 0.138676159923 0.0755626437454 0.148530871275 0.0858976290457 0.196513372914 0.176322404104 0.036526495786 0.106147470833 0.176047925377 0.123115631232 0.0497121347586 0.0347724904061 0.028964263714 0.0190899487141 0.0526521895271 0.073337203001 0.0816145340425 0.105798420305 0.159836691226 0.0515512543801 0.0661890004717 0.188835021821 0.0195448768748 0.102027676059 0.0275755727828 0.134060588605 0.0618314401451 0.0985690093591 0.199531028562 0.129732902244 0.121706996513 0.196531146947 0.0940941747489 0.149119113275 0.111449737886 0.0320281497748 0.140561286288 0.0615783976779 0.196307213985 0.188660109273 0.0124157886606 0.0970592061112 0.118547771865 0.033945335277 0.0768157558021 0.0563928063346 0.0705528375221 0.108354062616 0.196837435056 0.0599007714747 0.146161671694 0.0654901053318 0.0383471540699 0.0656396125348 0.17747247553 0.166930147775 0.0318484130582 0.0559347950193 0.073291893244 0.117848183665 0.0777131363903 0.0614365350405 0.0806701100552 0.0154564129782 0.0265779289566 0.099995210525 0.124196002019 0.0822714137557 0.102492506633 0.0629782204994 0.0371330931447 0.110919427388 0.0182122302469 0.0896641656053 0.193336180794 0.0548349250084 0.0147598202922 0.0785911537752 0.0817607799863 0.0480958787763 0.0426636167094 0.1751562072 0.0540441988771 0.177920768054 0.0998075420488 0.0694022630629 0.053982989972 0.0372533137881 0.0843769457033 0.111667501367 0.176482186472 0.145758975689 0.14597383895 0.0725787005893 0.172453862772 0.0126238189048 0.113923197728 0.195500705254 0.0699857443028 0.0967243034854 0.0188795595676 0.179261535305 0.165167289311 0.164958520062 0.192430923168 0.162112215853 0.0655584829556 0.0425221347097 0.103207194826 0.0509898117645 0.1975147321 0.199694107543 0.197133134372 0.0233293681676 0.140750157544 0.108752739118 0.183019375307];

maxWorkingTime = [472 352 317 337 452 300 327 352 492 330 377 342 345 372 487 495 365 430 440 297 477 287 330 417 390 467 320 372 305 445 397 317 292 392 480 337 300 360 330 430 450 492 327 375 357 462 372 420 377 445 352 382 437 432 397 287 447 322 297 362 402 425 290 327 312 295 332 410 355 395 445 440 370 372 375 307 400 387 320 347 352 452 300 327 310 297 287 385 420 287 307 417 345 400 420 495 485 420 315 422 300 442 347 465 452 387 317 420 475 320 477 307 362 375 410 457 425 412 385 432];
maxBuses = 2450;

BM = 200;
CBM = 0.2;
CEM = 0.3;
