nDrivers = 140;
nBuses = 140;
nServices = 350;

start = [498 794 827 211 691 340 528 1331 168 1324 632 1037 606 454 891 1044 731 95 314 416 1105 1327 1155 10 466 600 760 38 47 844 158 271 344 1062 814 909 630 416 224 1022 1422 1324 617 54 1171 185 704 643 1364 584 924 1295 523 1212 343 1279 958 773 116 384 419 1097 1025 1404 1095 1085 882 1356 379 1216 1314 377 1394 530 60 399 1349 1420 1082 1033 634 1032 797 330 838 904 100 188 603 328 197 1096 690 1100 907 358 744 563 871 1233 1081 912 478 1387 136 1377 1261 778 648 255 673 569 1113 106 1419 1126 802 363 583 471 25 366 1062 657 245 758 684 142 322 1324 144 1197 498 729 1335 1186 476 630 939 889 239 142 549 161 670 203 635 1167 970 781 31 1292 200 1339 831 244 524 1259 329 1088 1392 86 14 281 511 10 122 92 1218 578 687 1369 193 1392 482 1275 966 552 806 169 399 1329 534 716 318 782 638 727 670 1377 116 1265 1150 35 1064 1289 1346 502 997 1125 1267 356 612 893 591 487 568 1377 1273 1009 1315 1116 756 76 173 316 536 346 1095 984 79 1407 997 638 1229 891 997 872 1360 562 516 490 81 1121 205 710 1123 1390 797 332 778 631 614 761 90 873 1090 648 594 829 1031 181 1093 1053 772 648 1422 1113 683 705 500 935 84 570 872 873 205 251 1425 1192 689 1385 550 156 730 479 994 1273 1172 406 581 75 834 1105 158 671 268 616 1329 417 241 114 390 1339 175 1065 371 983 867 402 1122 95 609 1387 392 26 1039 1318 433 964 177 1080 96 772 820 1147 1411 656 1255 1414 1126 1005 1380 200 790 1090 912 958 437 342 775 262 1131 826 99 1359 1153 63 397 752 544 944 1073 634 732 1096 593 1414 241 356];
duration = [150 70 138 43 66 47 37 136 163 108 93 45 181 126 117 40 78 164 67 30 113 138 85 74 135 139 166 128 156 107 82 40 61 140 66 94 54 31 144 91 106 53 123 93 35 145 75 162 186 57 48 51 51 106 45 48 177 57 107 82 131 50 165 191 87 36 30 32 120 127 63 188 88 80 199 58 193 62 101 192 187 60 69 74 46 90 122 83 156 146 152 67 64 89 40 103 78 76 86 91 118 47 144 64 118 180 140 176 193 67 101 84 98 155 62 71 73 65 88 55 172 57 154 52 121 96 155 143 31 194 116 185 77 136 84 143 49 170 43 179 122 82 142 40 162 132 127 47 69 89 127 114 85 171 52 43 161 134 115 126 170 77 112 61 193 101 167 189 170 157 122 52 35 170 116 63 95 71 198 74 198 155 67 65 169 193 49 107 85 166 199 129 46 82 137 186 131 90 100 38 129 128 45 49 196 97 147 173 138 43 102 184 107 154 110 180 142 96 145 164 147 117 173 100 35 74 53 41 53 106 146 157 175 31 119 32 160 120 115 198 73 100 123 114 128 70 79 71 48 136 43 166 197 103 59 149 46 97 170 157 169 143 157 175 134 134 176 64 139 189 184 36 71 157 193 130 141 39 75 66 58 174 36 176 31 123 33 181 91 114 105 144 66 111 194 181 117 71 47 57 171 104 198 140 74 120 195 61 81 60 83 173 129 117 193 42 142 116 41 197 113 152 176 71 52 94 68 116 45 156 33 34 57 43 110 98 110 175 168 176 124 86 184 86 108 90 80 57 112 96];
kms = [255 106 249 48 66 87 56 176 239 196 102 75 351 234 146 73 151 328 80 53 124 233 149 124 149 182 190 204 304 111 154 46 73 280 69 145 78 45 275 97 165 82 221 126 49 268 141 271 358 73 78 69 60 206 83 48 203 57 190 91 197 81 277 358 145 36 48 56 128 144 99 329 99 106 312 99 371 94 132 384 372 104 119 129 61 114 239 109 244 241 235 118 95 92 75 130 103 129 163 125 229 48 256 65 126 190 212 338 299 118 110 93 191 181 91 100 138 123 106 75 328 102 194 94 157 108 300 254 44 236 188 341 144 192 126 177 57 196 57 201 195 128 209 53 220 149 240 84 121 178 208 132 119 250 52 64 265 201 172 150 200 88 123 96 213 202 250 204 228 279 229 65 37 206 159 103 170 113 239 123 370 186 79 116 336 320 56 111 150 270 268 214 90 150 242 271 155 113 115 43 224 188 52 59 264 142 166 226 275 79 183 222 167 166 164 203 167 97 222 227 286 157 333 162 67 101 82 55 56 132 182 265 188 57 237 36 198 173 146 228 140 148 213 207 184 83 123 137 87 164 57 304 278 164 107 282 85 188 310 241 173 254 196 340 197 161 297 108 268 254 205 43 95 282 264 182 252 40 75 82 110 293 36 320 36 151 62 286 145 218 123 285 71 141 268 191 181 84 47 86 224 165 356 204 98 183 294 101 146 80 140 212 185 131 386 64 164 213 66 336 223 297 334 74 93 140 94 189 52 228 64 57 75 45 161 116 202 192 223 266 226 160 336 145 169 106 138 98 130 125];
passengers = [10 25 53 60 54 31 28 38 19 54 45 58 42 54 16 50 22 15 49 41 40 30 47 39 43 39 60 55 46 38 20 60 21 47 34 33 22 56 59 38 24 37 41 20 11 59 58 32 43 40 12 50 52 14 17 18 34 57 37 29 42 27 41 36 20 60 53 39 59 53 15 51 22 14 34 31 12 21 27 24 49 53 10 44 14 13 36 29 54 54 45 32 20 26 23 51 18 60 18 55 35 54 18 26 25 31 25 58 58 39 38 30 25 39 22 52 14 31 50 38 45 26 50 19 49 46 58 17 59 46 53 13 51 18 38 10 42 53 49 30 32 33 42 28 20 45 50 22 58 47 40 56 33 17 41 50 23 16 13 37 34 55 29 39 53 35 22 34 36 28 38 54 26 13 48 47 28 45 26 53 42 33 26 54 36 34 50 54 47 58 27 29 40 30 20 36 47 37 34 35 22 55 54 28 26 24 60 57 17 32 57 14 13 19 32 50 54 43 20 22 48 41 33 27 27 21 47 37 34 22 14 27 55 39 25 27 22 47 38 47 44 32 28 48 45 39 57 57 18 31 53 56 20 44 25 43 24 46 42 22 23 54 59 24 46 29 54 55 32 42 49 28 25 15 17 58 20 21 44 48 41 39 22 16 19 60 20 16 40 28 19 15 49 29 48 41 10 32 44 10 39 19 49 23 44 35 51 36 42 36 51 36 11 24 44 33 21 21 55 49 42 20 44 57 14 22 42 47 43 21 34 50 60 10 52 59 45 45 22 56 11 30 47 24 58 27 16 60 48 27];

capacity = [37 20 57 52 37 51 25 46 38 26 24 54 56 54 60 44 34 57 47 58 22 38 25 34 29 37 33 47 29 58 37 57 40 60 60 35 39 58 21 45 45 23 27 32 47 54 20 59 22 49 36 26 58 53 55 46 34 49 56 26 39 29 48 35 40 40 26 24 48 33 40 55 23 37 20 28 30 53 38 36 53 41 56 30 36 20 45 46 43 51 37 57 45 26 21 21 50 24 22 36 60 39 59 24 21 23 56 33 21 56 38 48 39 35 48 33 30 26 43 54 60 20 48 52 30 38 49 24 46 45 41 44 47 33 46 53 37 36 59 55];
cost_km = [0.0771767557898 0.198921941633 0.160510437644 0.118209649603 0.060426249914 0.194819501807 0.0507453878332 0.100118851991 0.0479720106291 0.116119868209 0.129700698011 0.144766725238 0.0149618171455 0.110450645739 0.0978762583716 0.071696482458 0.187910182243 0.0748605446243 0.185828965856 0.184292414985 0.161050042548 0.124540575396 0.16131928669 0.0338332900378 0.0849635832341 0.0213571920461 0.0877697301183 0.108402245143 0.120469256203 0.158322397497 0.162519941933 0.16619158593 0.0503154617716 0.0876451110268 0.167691010747 0.0697255812028 0.0556503318377 0.118521696128 0.108148811647 0.0381013908034 0.189725623142 0.18104615158 0.196496148379 0.19980985462 0.123334035218 0.0619698027631 0.16950195732 0.0476741409012 0.109689813029 0.16086758717 0.172744202176 0.0628865289578 0.158000131848 0.0228942068926 0.177905277058 0.140344623644 0.128581703755 0.188536977888 0.157063022439 0.0226336128922 0.128565991807 0.0859500734308 0.15339757117 0.192328901867 0.0473386669718 0.0183292961723 0.152405790263 0.142372719847 0.135841577135 0.169868973132 0.0329734354927 0.0542980684348 0.150767032089 0.174862639827 0.173516476759 0.194883120779 0.037233654046 0.0967807086736 0.180690225286 0.0710064943178 0.0364630657592 0.194227286135 0.0618191523391 0.12995719211 0.0812958441888 0.011713731874 0.145523502348 0.0225678842255 0.0143390368554 0.144411322746 0.0959187638206 0.16326953806 0.0948829927379 0.186824886557 0.122910062716 0.106742463313 0.0564568604428 0.181676847703 0.110821444409 0.0507928013133 0.0865057199756 0.148399155725 0.0290336984251 0.0147439673963 0.15737992942 0.092564589525 0.0374769275554 0.0704708059896 0.159800262949 0.0599813417008 0.158862674873 0.131387945426 0.117677753529 0.169713750975 0.189933123033 0.0416466214173 0.192615948846 0.0431495639121 0.165664285468 0.118413637842 0.194650492926 0.115327494157 0.0218474143964 0.054718141867 0.0549280340151 0.0192481659411 0.126878560673 0.0715601318677 0.056692398424 0.14728736729 0.0261660695461 0.0637539407892 0.0642639022078 0.102588839324 0.0477036708552 0.0959249787534 0.0368457877371 0.125107601143 0.0838381195569 0.0448895358753];
cost_min = [0.0628660768323 0.168787018326 0.140729817488 0.049528410662 0.0358166192133 0.0704725932396 0.0415230991688 0.117531191368 0.145793557079 0.12399463842 0.0211804917944 0.0237885896986 0.138066281662 0.118386375442 0.0746147979319 0.198478723696 0.158191319316 0.13192158783 0.0562405494954 0.129703307233 0.122804313004 0.180694636003 0.11220825939 0.119226055831 0.137132890064 0.0588478671066 0.137817091545 0.165872009592 0.0272178673018 0.125262087639 0.0762903266463 0.0180562391235 0.153483862568 0.14305023433 0.0951627343627 0.170684757374 0.0149978373119 0.139401017843 0.0616361226404 0.184507522572 0.0319925499764 0.143671792033 0.193024730273 0.1875428513 0.0792616960344 0.0911942931719 0.142009522769 0.0127891618343 0.172665125277 0.083705230067 0.0114249572034 0.0659612494149 0.112107966088 0.0173396636049 0.0648985000461 0.171349123308 0.193238140965 0.144255814967 0.175519258582 0.0116977407371 0.121455392628 0.046974638113 0.11540813954 0.0500830964316 0.0737153056848 0.149474637078 0.0271581994133 0.0150293282303 0.138505360375 0.130785297595 0.0594728372819 0.0143181709291 0.117339328657 0.0889129556904 0.183031082593 0.174435219283 0.0694722189688 0.0191867942321 0.0213780529219 0.13864367469 0.147196479715 0.137596138668 0.0323750994546 0.124293703869 0.177515977543 0.0495287428845 0.0909885976929 0.14634363916 0.105339265827 0.131635996354 0.194576547098 0.151187074861 0.172530982451 0.158451949227 0.142002300045 0.0252568967337 0.107286068157 0.0572584666222 0.157756059455 0.165773718161 0.0524740349395 0.0279065151188 0.0901028663389 0.198166574281 0.121486726972 0.163919297059 0.127353816661 0.0354031544071 0.0128155075205 0.174953341133 0.0669673945731 0.160904673724 0.0829331564636 0.0845612076832 0.152959641613 0.0423708074534 0.0983004298328 0.197829922392 0.0976903076036 0.123570831444 0.0790168876557 0.134577236486 0.0952605777965 0.164284308308 0.136279683356 0.152514772635 0.0782358878642 0.188013431844 0.141313131465 0.0811150780053 0.12918820472 0.111252870525 0.1661337299 0.152508906294 0.0803204116498 0.151748368113 0.130818153614 0.149484026412 0.159478230649 0.141933762513];

maxWorkingTime = [540 555 342 372 322 397 500 312 467 367 320 360 540 477 392 530 352 317 447 462 377 307 402 450 615 377 372 502 572 460 517 502 515 405 292 480 315 292 315 395 507 547 457 542 297 610 402 477 357 520 467 562 330 315 410 577 367 560 552 552 575 380 562 405 302 457 545 305 415 535 585 590 472 427 542 322 395 447 422 442 450 532 452 467 580 345 422 490 317 525 442 432 337 612 475 595 497 292 355 585 442 355 592 315 420 532 357 375 567 545 307 492 427 602 525 342 510 557 557 582 342 415 440 322 415 292 397 522 485 320 475 605 547 295 407 512 335 387 377 342];
maxBuses = 1983;

BM = 200;
CBM = 0.2;
CEM = 0.3;
